<?xml version="1.0"?>
<opencv_storage>
<calibration_Time>"02/01/15 15:26:01"</calibration_Time>
<nrOfFrames>9</nrOfFrames>
<image_Width>1280</image_Width>
<image_Height>720</image_Height>
<board_Width>9</board_Width>
<board_Height>6</board_Height>
<square_Size>50.</square_Size>
<FixAspectRatio>1.</FixAspectRatio>
<!-- flags:  +fix_aspectRatio +fix_principal_point +zero_tangent_dist -->
<flagValue>14</flagValue>
<Camera_Matrix type_id="opencv-matrix">
  <rows>3</rows>
  <cols>3</cols>
  <dt>d</dt>
  <data>
    1.1535172565017808e+003 0. 6.3950000000000000e+002 0.
    1.1535172565017808e+003 3.5950000000000000e+002 0. 0. 1.</data></Camera_Matrix>
<Distortion_Coefficients type_id="opencv-matrix">
  <rows>5</rows>
  <cols>1</cols>
  <dt>d</dt>
  <data>
    9.7778873625550457e-003 1.7729280042328175e+000 0. 0.
    -1.8467881785629856e+001</data></Distortion_Coefficients>
<Avg_Reprojection_Error>3.0519857657032656e-001</Avg_Reprojection_Error>
<Per_View_Reprojection_Errors type_id="opencv-matrix">
  <rows>9</rows>
  <cols>1</cols>
  <dt>f</dt>
  <data>
    2.88423568e-001 3.17076921e-001 3.12680990e-001 3.60955238e-001
    3.15815449e-001 3.28481615e-001 3.60194981e-001 1.90927640e-001
    2.29560778e-001</data></Per_View_Reprojection_Errors>
<!-- a set of 6-tuples (rotation vector + translation vector) for each view -->
<Extrinsic_Parameters type_id="opencv-matrix">
  <rows>9</rows>
  <cols>6</cols>
  <dt>d</dt>
  <data>
    1.0279424501940305e-001 7.0564729703381415e-002
    3.1311613523973940e+000 2.4766783712278774e+002
    1.9523199122589466e+002 1.1762407978790006e+003
    6.1452657126236980e-002 1.1409752156307927e-001
    3.1310835471341156e+000 2.5788293094208228e+002
    1.8219515286229290e+002 1.1807720778339244e+003
    3.8928148742075597e-001 1.4861288444847720e-001
    3.0915525082705639e+000 2.8977140891732023e+002
    1.6667156992225358e+002 1.1634285816232973e+003
    -2.9819401546335633e-001 1.1686891952696707e-001
    3.0808321296335341e+000 2.3448444463368571e+002
    1.5508796283361715e+002 1.2943850276266787e+003
    -1.8042405219149210e-002 5.3364958595477208e-001
    3.0740812457989133e+000 2.5824669682144514e+002
    1.5282162204246680e+002 1.2635941013641252e+003
    4.2045907026496587e-001 4.7974146167195342e-001
    3.0478872009408859e+000 2.8180731423212040e+002
    1.3186777995471402e+002 1.2007576944741438e+003
    1.2639484670322715e-001 -5.8546364025208986e-001
    -3.0775500677440952e+000 2.4770771209208132e+002
    1.1411985397309692e+002 1.2666915311366440e+003
    -1.2947886954507506e-003 -2.4856400986576926e-001
    3.1277206886564803e+000 2.7025783530403589e+002
    1.3172112743193634e+002 1.4322673528340329e+003
    -1.5812938983597399e-001 -4.3522774252935459e-001
    3.1001223931299347e+000 2.6669622651878620e+002
    1.2135369684832202e+002 1.4268618810682283e+003</data></Extrinsic_Parameters>
<Image_points type_id="opencv-matrix">
  <rows>9</rows>
  <cols>54</cols>
  <dt>"2f"</dt>
  <data>
    8.82950989e+002 5.51254272e+002 8.33642700e+002 5.51280090e+002
    7.84087524e+002 5.51055725e+002 7.34831055e+002 5.50651794e+002
    6.86178894e+002 5.50561462e+002 6.37799500e+002 5.50517639e+002
    5.89232544e+002 5.50589172e+002 5.40991394e+002 5.50569702e+002
    4.93347473e+002 5.50508789e+002 8.82265808e+002 5.02051361e+002
    8.32630432e+002 5.02120178e+002 7.83454041e+002 5.02069153e+002
    7.34260437e+002 5.01961884e+002 6.85837280e+002 5.01956421e+002
    6.37647583e+002 5.02070313e+002 5.89175659e+002 5.02147614e+002
    5.41274170e+002 5.02291626e+002 4.93677826e+002 5.02356506e+002
    8.81496643e+002 4.52916229e+002 8.31867188e+002 4.53103821e+002
    7.82721802e+002 4.53157227e+002 7.33812195e+002 4.53282043e+002
    6.85576965e+002 4.53422058e+002 6.37391479e+002 4.53581421e+002
    5.89283508e+002 4.53853088e+002 5.41567383e+002 4.54044189e+002
    4.93981262e+002 4.54318390e+002 8.80688843e+002 4.03873413e+002
    8.31368896e+002 4.04159027e+002 7.82114380e+002 4.04329712e+002
    7.33332275e+002 4.04709076e+002 6.84980896e+002 4.05037720e+002
    6.37041138e+002 4.05389893e+002 5.88919128e+002 4.05750671e+002
    5.41404663e+002 4.06205139e+002 4.93891876e+002 4.06479767e+002
    8.79960693e+002 3.54873749e+002 8.30585327e+002 3.55422821e+002
    7.81686096e+002 3.56072449e+002 7.32662476e+002 3.56363892e+002
    6.84576294e+002 3.56997620e+002 6.36578064e+002 3.57425171e+002
    5.88714111e+002 3.57922607e+002 5.41280151e+002 3.58395660e+002
    4.93843170e+002 3.58980927e+002 8.79533325e+002 3.06200165e+002
    8.30156921e+002 3.07130646e+002 7.81115479e+002 3.07905914e+002
    7.32320068e+002 3.08552124e+002 6.84181580e+002 3.09289520e+002
    6.36407166e+002 3.09980621e+002 5.88423462e+002 3.10547150e+002
    5.41171814e+002 3.11276520e+002 4.93827362e+002 3.11893555e+002
    8.91948975e+002 5.37693787e+002 8.42940063e+002 5.37915649e+002
    7.93819275e+002 5.37898499e+002 7.44564148e+002 5.37812988e+002
    6.95989929e+002 5.37955566e+002 6.47379089e+002 5.38083801e+002
    5.98551392e+002 5.38330078e+002 5.50135681e+002 5.38536133e+002
    5.01962433e+002 5.38894592e+002 8.90786011e+002 4.88585449e+002
    8.41811279e+002 4.88863892e+002 7.92778870e+002 4.88947693e+002
    7.43781311e+002 4.89046143e+002 6.95466736e+002 4.89315186e+002
    6.47143555e+002 4.89516357e+002 5.98493896e+002 4.89800659e+002
    5.50388000e+002 4.90138977e+002 5.02399719e+002 4.90393829e+002
    8.89844055e+002 4.39930084e+002 8.40770508e+002 4.40102112e+002
    7.91935059e+002 4.40250153e+002 7.43220642e+002 4.40470520e+002
    6.95072876e+002 4.40937256e+002 6.46825378e+002 4.41152130e+002
    5.98591431e+002 4.41518616e+002 5.50665344e+002 4.41895294e+002
    5.02749512e+002 4.42228607e+002 8.88817078e+002 3.91000885e+002
    8.39968506e+002 3.91425659e+002 7.91171570e+002 3.91905396e+002
    7.42511230e+002 3.92219025e+002 6.94442139e+002 3.92536133e+002
    6.46444824e+002 3.93079681e+002 5.98359131e+002 3.93432190e+002
    5.50615601e+002 3.93952454e+002 5.02770477e+002 3.94273254e+002
    8.87899902e+002 3.42611115e+002 8.39030212e+002 3.43080261e+002
    7.90486633e+002 3.43819183e+002 7.42051086e+002 3.44261932e+002
    6.94114685e+002 3.44714600e+002 6.46187195e+002 3.45278381e+002
    5.98293945e+002 3.45722229e+002 5.50501099e+002 3.46323029e+002
    5.02952698e+002 3.46712402e+002 8.87231995e+002 2.94607239e+002
    8.38467773e+002 2.95389618e+002 7.89957886e+002 2.96114227e+002
    7.41601013e+002 2.96832520e+002 6.93698914e+002 2.97465363e+002
    6.46025391e+002 2.98102722e+002 5.98044128e+002 2.98568451e+002
    5.50520020e+002 2.99293304e+002 5.03134003e+002 2.99894531e+002
    9.27728027e+002 5.25060303e+002 8.76850647e+002 5.24940918e+002
    8.27105164e+002 5.24731812e+002 7.78355713e+002 5.24375854e+002
    7.30933838e+002 5.24207642e+002 6.84132263e+002 5.24145081e+002
    6.38252319e+002 5.24031006e+002 5.93455688e+002 5.23973877e+002
    5.50083191e+002 5.23883301e+002 9.25974426e+002 4.75456512e+002
    8.75572693e+002 4.75926727e+002 8.25869324e+002 4.76107086e+002
    7.77438965e+002 4.76292542e+002 7.30078674e+002 4.76570435e+002
    6.83809204e+002 4.76994202e+002 6.38039124e+002 4.77340759e+002
    5.93657166e+002 4.77827393e+002 5.50238281e+002 4.78255402e+002
    9.24511230e+002 4.25890259e+002 8.74064148e+002 4.26876770e+002
    8.24715027e+002 4.27761322e+002 7.76331116e+002 4.28471649e+002
    7.29479736e+002 4.29408112e+002 6.83317017e+002 4.30157227e+002
    6.38045288e+002 4.31044861e+002 5.93776917e+002 4.31886230e+002
    5.50296692e+002 4.32673767e+002 9.22766479e+002 3.76460419e+002
    8.72574341e+002 3.78045288e+002 8.23394592e+002 3.79465393e+002
    7.75280762e+002 3.81001038e+002 7.28297363e+002 3.82242279e+002
    6.82451904e+002 3.83644287e+002 6.37300781e+002 3.84988220e+002
    5.93295105e+002 3.86303894e+002 5.49901184e+002 3.87525238e+002
    9.21305481e+002 3.27765869e+002 8.71250732e+002 3.29774963e+002
